so,soLanXuatHien
1,200
2,193
3,216
4,211
5,207
6,210
7,206
8,217
9,194
10,186
11,215
12,220
13,204
14,191
15,187
16,193
17,210
18,191
19,196
20,215
21,203
22,215
23,200
24,218
25,191
26,194
27,211
28,213
29,193
30,179
31,202
32,205
33,193
34,208
35,185
36,200
37,204
38,219
39,215
40,193
41,207
42,189
43,221
44,204
45,193
46,201
47,208
48,212
49,197
50,180
51,190
52,217
53,204
54,204
55,189
56,185
57,206
58,220
59,192
60,189
61,194
62,184
63,184
64,190
65,196
66,182
67,200
68,200
69,206
70,208
71,197
72,187
73,203
74,195
75,191
76,191
77,214
78,207
79,206
80,196
81,198
82,207
83,194
84,190
85,192
86,209
87,203
88,191
89,205
90,201
91,203
92,207
93,199
94,214
95,204
96,218
97,219
98,208
99,216
