b,x,k,avgProfit,minProfit,maxProfit,profitRate,lossRate,zone
0.3000,2.0000,5,30019.2960,28475.2000,31137.1708,75.0482,0.0000,LUON LOI
0.3000,2.0000,10,28990.6846,28240.0000,29582.4936,72.4767,0.0000,LUON LOI
0.3000,2.0000,15,28632.5274,28240.0000,29152.9504,71.5813,0.0000,LUON LOI
0.3000,5.0000,5,32421.6769,29711.5000,34147.9003,81.0542,0.0000,LUON LOI
0.3000,5.0000,10,30341.4869,28600.0000,31619.9524,75.8537,0.0000,LUON LOI
0.3000,5.0000,15,29539.8159,28000.0000,30714.6287,73.8495,0.0000,LUON LOI
0.3000,8.0000,5,34223.7711,29843.2000,36265.6860,85.5594,0.0000,LUON LOI
0.3000,8.0000,10,31553.5201,28960.0000,33305.8408,78.8838,0.0000,LUON LOI
0.3000,8.0000,15,30393.0460,28960.0000,32091.0217,75.9826,0.0000,LUON LOI
0.3000,11.0000,5,35715.4367,30494.8000,37910.5531,89.2886,0.0000,LUON LOI
0.3000,11.0000,10,32676.4226,29320.0000,34692.2398,81.6911,0.0000,LUON LOI
0.3000,11.0000,15,31179.2999,28000.0000,33299.1287,77.9482,0.0000,LUON LOI
0.3000,14.0000,5,36763.4569,32367.3280,38750.7251,91.9086,0.0000,LUON LOI
0.3000,14.0000,10,33568.9983,29680.0000,35824.8661,83.9225,0.0000,LUON LOI
0.3000,14.0000,15,31965.3015,28000.0000,34354.8758,79.9133,0.0000,LUON LOI
0.4000,2.0000,5,26667.6161,24940.9280,27941.7289,66.6690,0.0000,LUON LOI
0.4000,2.0000,10,25313.9744,24320.0000,26109.9915,63.2849,0.0000,LUON LOI
0.4000,2.0000,15,24849.5655,24000.0000,25537.2673,62.1239,0.0000,LUON LOI
0.4000,5.0000,5,29846.3957,24800.0000,32587.3403,74.6160,0.0000,LUON LOI
0.4000,5.0000,10,27145.7674,24800.0000,28826.6033,67.8644,0.0000,LUON LOI
0.4000,5.0000,15,26042.2541,24800.0000,27619.5050,65.1056,0.0000,LUON LOI
0.4000,8.0000,5,32326.0803,26457.6000,35419.2415,80.8152,0.0000,LUON LOI
0.4000,8.0000,10,28720.5160,25280.0000,31074.4544,71.8013,0.0000,LUON LOI
0.4000,8.0000,15,27180.5309,25280.0000,29454.6956,67.9513,0.0000,LUON LOI
0.4000,11.0000,5,34219.2785,27326.4000,36869.7424,85.5482,0.0000,LUON LOI
0.4000,11.0000,10,30265.6587,25760.0000,32922.9864,75.6641,0.0000,LUON LOI
0.4000,11.0000,15,28204.3573,25760.0000,29961.2414,70.5109,0.0000,LUON LOI
0.4000,14.0000,5,35628.1250,28166.4000,38063.1397,89.0703,0.0000,LUON LOI
0.4000,14.0000,10,31468.0378,26240.0000,34433.1548,78.6701,0.0000,LUON LOI
0.4000,14.0000,15,29341.5957,26240.0000,31247.8694,73.3540,0.0000,LUON LOI
0.5000,2.0000,5,23325.3867,20792.0000,24927.1612,58.3135,0.0000,LUON LOI
0.5000,2.0000,10,21668.3566,20000.0000,22637.4893,54.1709,0.0000,LUON LOI
0.5000,2.0000,15,21056.8622,20000.0000,21552.6368,52.6422,0.0000,LUON LOI
0.5000,5.0000,5,27398.2372,22852.5000,30246.5004,68.4956,0.0000,LUON LOI
0.5000,5.0000,10,23894.9106,21000.0000,26033.2541,59.7373,0.0000,LUON LOI
0.5000,5.0000,15,22509.5191,21000.0000,23709.8750,56.2738,0.0000,LUON LOI
0.5000,8.0000,5,30377.0044,23072.0000,33776.1434,75.9425,0.0000,LUON LOI
0.5000,8.0000,10,25941.9793,21600.0000,28843.0680,64.8549,0.0000,LUON LOI
0.5000,8.0000,15,23980.4588,21600.0000,26818.3695,59.9511,0.0000,LUON LOI
0.5000,11.0000,5,32856.4365,25900.6200,36087.1780,82.1411,0.0000,LUON LOI
0.5000,11.0000,10,27841.8823,22200.0000,31153.7330,69.6047,0.0000,LUON LOI
0.5000,11.0000,15,25302.0486,20000.0000,28831.8811,63.2551,0.0000,LUON LOI
0.5000,14.0000,5,34593.9963,25208.0000,37578.9246,86.4850,0.0000,LUON LOI
0.5000,14.0000,10,29283.4167,22800.0000,33041.4436,73.2085,0.0000,LUON LOI
0.5000,14.0000,15,26605.5676,22800.0000,29059.8368,66.5139,0.0000,LUON LOI
0.6000,2.0000,5,20009.5151,17411.3920,22274.3415,50.0238,0.0000,LUON LOI
0.6000,2.0000,10,17959.4582,16480.0000,19164.9872,44.8986,0.0000,LUON LOI
0.6000,2.0000,15,17250.9094,16000.0000,17863.1642,43.1273,0.0000,LUON LOI
0.6000,5.0000,5,24727.6584,18340.0000,28881.0105,61.8191,0.0000,LUON LOI
0.6000,5.0000,10,20703.8066,17200.0000,23239.9049,51.7595,0.0000,LUON LOI
0.6000,5.0000,15,19007.9371,16000.0000,21429.2575,47.5198,0.0000,LUON LOI
0.6000,8.0000,5,28554.7202,19686.4000,32531.3721,71.3868,0.0000,LUON LOI
0.6000,8.0000,10,23087.8350,19686.4000,26611.6816,57.7196,0.0000,LUON LOI
0.6000,8.0000,15,20775.9550,16000.0000,22806.5690,51.9399,0.0000,LUON LOI
0.6000,11.0000,5,31245.7261,20989.6000,35821.1061,78.1143,0.0000,LUON LOI
0.6000,11.0000,10,25254.4474,18640.0000,29384.4796,63.1361,0.0000,LUON LOI
0.6000,11.0000,15,22352.6993,18640.0000,24941.8622,55.8817,0.0000,LUON LOI
0.6000,14.0000,5,33568.9941,22249.6000,37501.4502,83.9225,0.0000,LUON LOI
0.6000,14.0000,10,27155.2214,19360.0000,30290.3864,67.8881,0.0000,LUON LOI
0.6000,14.0000,15,23950.3933,19360.0000,28709.7516,59.8760,0.0000,LUON LOI
0.7000,2.0000,5,16668.1264,13646.6240,19320.0651,41.6703,0.0000,LUON LOI
0.7000,2.0000,10,14295.9508,12560.0000,15692.4851,35.7399,0.0000,LUON LOI
0.7000,2.0000,15,13449.1866,12560.0000,14690.2177,33.6230,0.0000,LUON LOI
0.7000,5.0000,5,22280.7078,14730.0000,26345.1006,55.7018,0.0000,LUON LOI
0.7000,5.0000,10,17414.5308,13400.0000,20446.5557,43.5363,0.0000,LUON LOI
0.7000,5.0000,15,15575.7400,12000.0000,18334.1338,38.9394,0.0000,LUON LOI
0.7000,8.0000,5,26415.8384,16300.8000,31983.6727,66.0396,0.0000,LUON LOI
0.7000,8.0000,10,20339.1943,14240.0000,24380.2952,50.8480,0.0000,LUON LOI
0.7000,8.0000,15,17560.7939,12000.0000,19940.9971,43.9020,0.0000,LUON LOI
0.7000,11.0000,5,29981.3347,17821.2000,35124.6238,74.9533,0.0000,LUON LOI
0.7000,11.0000,10,22734.1443,15080.0000,27615.2262,56.8354,0.0000,LUON LOI
0.7000,11.0000,15,19380.8921,15080.0000,22432.1725,48.4522,0.0000,LUON LOI
0.7000,14.0000,5,32635.9192,22190.4320,36610.4945,81.5898,0.0000,LUON LOI
0.7000,14.0000,10,24941.1299,15920.0000,30258.0210,62.3528,0.0000,LUON LOI
0.7000,14.0000,15,21145.5556,12000.0000,24683.7715,52.8639,0.0000,LUON LOI
0.8000,2.0000,5,13325.7693,9267.2000,16365.7887,33.3144,0.0000,LUON LOI
0.8000,2.0000,10,10646.4690,8640.0000,12219.9829,26.6162,0.0000,LUON LOI
0.8000,2.0000,15,9693.7487,8000.0000,11074.5345,24.2344,0.0000,LUON LOI
0.8000,5.0000,5,19776.6448,12564.0000,24394.4007,49.4416,0.0000,LUON LOI
0.8000,5.0000,10,14238.7416,9600.0000,17653.2065,35.5969,0.0000,LUON LOI
0.8000,5.0000,15,12084.1658,8000.0000,15239.0100,30.2104,0.0000,LUON LOI
0.8000,8.0000,5,24666.9894,12915.2000,30838.4831,61.6675,0.0000,LUON LOI
0.8000,8.0000,10,17414.2516,10560.0000,22148.9088,43.5356,0.0000,LUON LOI
0.8000,8.0000,15,14405.8946,8000.0000,18909.3913,36.0147,0.0000,LUON LOI
0.8000,11.0000,5,28569.8969,17440.9920,34428.1415,71.4247,0.0000,LUON LOI
0.8000,11.0000,10,20350.3606,11520.0000,25845.9728,50.8759,0.0000,LUON LOI
0.8000,11.0000,15,16489.8814,8000.0000,22131.0098,41.2247,0.0000,LUON LOI
0.8000,14.0000,5,31263.8464,19646.2080,36668.6003,78.1596,0.0000,LUON LOI
0.8000,14.0000,10,22865.5981,12480.0000,28866.3097,57.1640,0.0000,LUON LOI
0.8000,14.0000,15,18586.7206,12480.0000,24946.3354,46.4668,0.0000,LUON LOI
0.9000,2.0000,5,10000.4927,5425.6000,12868.8901,25.0012,0.0000,LUON LOI
0.9000,2.0000,10,6971.0909,4720.0000,8747.4808,17.4277,0.0000,LUON LOI
0.9000,2.0000,15,5880.3900,4720.0000,6794.7462,14.7010,0.0000,LUON LOI
0.9000,5.0000,5,17234.0243,10677.7750,22443.7008,43.0851,0.0000,LUON LOI
0.9000,5.0000,10,10960.0856,5800.0000,14859.8573,27.4002,0.0000,LUON LOI
0.9000,5.0000,15,8598.9278,4000.0000,10677.7750,21.4973,0.0000,LUON LOI
0.9000,8.0000,5,22855.4036,9529.6000,28797.0581,57.1385,0.0000,LUON LOI
0.9000,8.0000,10,14692.1463,6880.0000,19917.5224,36.7304,0.0000,LUON LOI
0.9000,8.0000,15,11026.1534,6880.0000,14209.8534,27.5654,0.0000,LUON LOI
0.9000,11.0000,5,27271.3874,14621.1160,33731.6592,68.1785,0.0000,LUON LOI
0.9000,11.0000,10,18051.4927,7960.0000,25828.2803,45.1287,0.0000,LUON LOI
0.9000,11.0000,15,13605.0463,4000.0000,17412.7932,34.0126,0.0000,LUON LOI
0.9000,14.0000,5,30262.3001,13374.4000,36252.1753,75.6558,0.0000,LUON LOI
0.9000,14.0000,10,20776.1597,9040.0000,27474.5984,51.9404,0.0000,LUON LOI
0.9000,14.0000,15,15878.2704,9040.0000,23064.6274,39.6957,0.0000,LUON LOI
1.0000,2.0000,5,6557.6628,2352.3200,10457.2359,16.3942,0.0000,LUON LOI
1.0000,2.0000,10,3330.4864,800.0000,5274.9787,8.3262,0.0000,LUON LOI
1.0000,2.0000,15,2122.6506,800.0000,3105.2736,5.3066,0.0000,LUON LOI
1.0000,5.0000,5,14718.9627,5705.0000,21468.3508,36.7974,0.0000,LUON LOI
1.0000,5.0000,10,7774.8851,2000.0000,12066.5082,19.4372,0.0000,LUON LOI
1.0000,5.0000,15,5116.8025,0.0000,7419.7500,12.7920,0.0000,TRUNG GIAN
1.0000,8.0000,5,20796.8764,6144.0000,28548.1038,51.9922,0.0000,LUON LOI
1.0000,8.0000,10,11938.4250,3200.0000,17686.1360,29.8461,0.0000,LUON LOI
1.0000,8.0000,15,7927.0560,3200.0000,11344.2816,19.8176,0.0000,LUON LOI
1.0000,11.0000,5,25735.8722,11801.2400,33035.1769,64.3397,0.0000,LUON LOI
1.0000,11.0000,10,15463.6549,4400.0000,22307.4660,38.6591,0.0000,LUON LOI
1.0000,11.0000,15,10547.8937,0.0000,14903.1036,26.3697,0.0000,TRUNG GIAN
1.0000,14.0000,5,29225.7197,14557.7600,35835.7503,73.0643,0.0000,LUON LOI
1.0000,14.0000,10,18408.0822,5600.0000,26082.8871,46.0202,0.0000,LUON LOI
1.0000,14.0000,15,13302.4641,5600.0000,21182.9193,33.2562,0.0000,LUON LOI
1.1000,2.0000,5,3298.1459,-3120.0000,7502.9595,8.2454,1.9000,TRUNG GIAN
1.1000,2.0000,10,-378.9729,-3120.0000,1802.4765,-0.9474,55.9000,TRUNG GIAN
1.1000,2.0000,15,-1675.5949,-4000.0000,227.4849,-4.1890,99.9000,TRUNG GIAN
1.1000,5.0000,5,12233.9913,2275.5000,18542.3009,30.5850,0.0000,LUON LOI
1.1000,5.0000,10,4581.2539,-1800.0000,9273.1590,11.4531,0.5000,TRUNG GIAN
1.1000,5.0000,15,1612.5570,-4000.0000,4161.7250,4.0314,7.0000,TRUNG GIAN
1.1000,8.0000,5,18831.1873,5737.7280,26307.5155,47.0780,0.0000,LUON LOI
1.1000,8.0000,10,8963.7247,-480.0000,15454.7495,22.4093,0.6000,TRUNG GIAN
1.1000,8.0000,15,4816.1971,-480.0000,11000.4130,12.0405,4.8000,TRUNG GIAN
1.1000,11.0000,5,24061.9138,8981.3640,31391.7917,60.1548,0.0000,LUON LOI
1.1000,11.0000,10,12959.6665,840.0000,20538.2126,32.3992,0.0000,LUON LOI
1.1000,11.0000,15,7791.6285,-4000.0000,15430.1384,19.4791,0.1000,TRUNG GIAN
1.1000,14.0000,5,28106.1430,7457.6000,34673.6341,70.2654,0.0000,LUON LOI
1.1000,14.0000,10,16593.7774,2160.0000,24691.1758,41.4844,0.0000,LUON LOI
1.1000,14.0000,15,10513.6689,2160.0000,15931.6410,26.2842,0.0000,LUON LOI
1.2000,2.0000,5,-27.5255,-6099.2000,4548.6831,-0.0688,55.6000,TRUNG GIAN
1.2000,2.0000,10,-4070.2432,-7040.0000,-1670.0256,-10.1756,100.0000,LUON LO
1.2000,2.0000,15,-5491.7251,-8000.0000,-3388.1982,-13.7293,100.0000,LUON LO
1.2000,5.0000,5,9537.5181,-1154.0000,17762.0210,23.8438,0.4000,TRUNG GIAN
1.2000,5.0000,10,1497.0614,-5600.0000,6479.8098,3.7427,20.2000,TRUNG GIAN
1.2000,5.0000,15,-1853.6465,-5600.0000,903.7000,-4.6341,90.5000,TRUNG GIAN
1.2000,8.0000,5,17124.0838,-627.2000,25062.7441,42.8102,0.1000,TRUNG GIAN
1.2000,8.0000,10,6087.0840,-4160.0000,13223.3631,15.2177,5.9000,TRUNG GIAN
1.2000,8.0000,15,1621.6053,-8000.0000,8364.0869,4.0540,36.6000,TRUNG GIAN
1.2000,11.0000,5,22763.8158,1979.2000,32561.5689,56.9095,0.0000,LUON LOI
1.2000,11.0000,10,10639.0848,-2720.0000,18768.9593,26.5977,0.4000,TRUNG GIAN
1.2000,11.0000,15,4750.6693,-2720.0000,9883.7243,11.8767,4.5000,TRUNG GIAN
1.2000,14.0000,5,27105.4889,4499.2000,35002.9004,67.7637,0.0000,LUON LOI
1.2000,14.0000,10,14639.2506,-1280.0000,23299.4645,36.5981,0.6000,TRUNG GIAN
1.2000,14.0000,15,7930.3095,-8000.0000,17419.5032,19.8258,4.1000,TRUNG GIAN
1.3000,2.0000,5,-3230.7634,-9940.8000,1594.4067,-8.0769,96.0000,TRUNG GIAN
1.3000,2.0000,10,-7719.8582,-10960.0000,-5142.5277,-19.2996,100.0000,LUON LO
1.3000,2.0000,15,-9277.8647,-12000.0000,-7003.8814,-23.1947,100.0000,LUON LO
1.3000,5.0000,5,7176.4609,-6930.0000,14640.9011,17.9412,4.9000,TRUNG GIAN
1.3000,5.0000,10,-1808.7104,-9400.0000,3686.4606,-4.5218,88.2000,TRUNG GIAN
1.3000,5.0000,15,-5480.0053,-9400.0000,-236.6087,-13.7000,100.0000,LUON LO
1.3000,8.0000,5,15154.1392,-4012.8000,25112.5350,37.8853,0.4000,TRUNG GIAN
1.3000,8.0000,10,3541.5097,-7840.0000,10991.9767,8.8538,22.3000,TRUNG GIAN
1.3000,8.0000,15,-1680.8289,-7840.0000,2747.5661,-4.2021,88.2000,TRUNG GIAN
1.3000,11.0000,5,21378.6650,3341.6120,29826.6629,53.4467,0.0000,LUON LOI
1.3000,11.0000,10,7935.8330,-6280.0000,16999.7059,19.8396,4.8000,TRUNG GIAN
1.3000,11.0000,15,1848.4612,-6280.0000,10962.8909,4.6212,37.0000,TRUNG GIAN
1.3000,14.0000,5,26202.7913,1540.8000,34586.4754,65.5070,0.0000,LUON LOI
1.3000,14.0000,10,12382.2860,-4720.0000,21907.7532,30.9557,0.6000,TRUNG GIAN
1.3000,14.0000,15,5205.3164,-4720.0000,11555.5757,13.0133,4.5000,TRUNG GIAN
1.4000,2.0000,5,-6773.3103,-14880.0000,-2203.9487,-16.9333,100.0000,LUON LO
1.4000,2.0000,10,-11353.0193,-14880.0000,-8615.0299,-28.3825,100.0000,LUON LO
1.4000,2.0000,15,-13065.4429,-16000.0000,-11652.6170,-32.6636,100.0000,LUON LO
1.4000,5.0000,5,4660.7139,-10540.0000,12690.2012,11.6518,11.1000,TRUNG GIAN
1.4000,5.0000,10,-4989.2495,-13200.0000,893.1114,-12.4731,99.4000,TRUNG GIAN
1.4000,5.0000,15,-8885.4604,-13200.0000,-3331.7325,-22.2137,100.0000,LUON LO
1.4000,8.0000,5,13040.7432,-7398.4000,22573.2015,32.6019,1.9000,TRUNG GIAN
1.4000,8.0000,10,559.3469,-11520.0000,8760.5903,1.3984,57.8000,TRUNG GIAN
1.4000,8.0000,15,-4849.0047,-16000.0000,-118.0058,-12.1225,100.0000,LUON LO
1.4000,11.0000,5,19511.5502,-4357.6000,30249.2476,48.7789,0.2000,TRUNG GIAN
1.4000,11.0000,10,5551.8420,-9840.0000,15230.4525,13.8796,5.5000,TRUNG GIAN
1.4000,11.0000,15,-1126.5245,-16000.0000,4864.3450,-2.8163,39.1000,TRUNG GIAN
1.4000,14.0000,5,24843.9908,4380.8640,34170.0505,62.1100,0.0000,LUON LOI
1.4000,14.0000,10,10060.6395,-8160.0000,20516.0420,25.1516,6.2000,TRUNG GIAN
1.4000,14.0000,15,2430.7759,-16000.0000,9367.5430,6.0769,36.5000,TRUNG GIAN
1.5000,2.0000,5,-9995.4139,-17624.0000,-4314.1462,-24.9885,100.0000,LUON LO
1.5000,2.0000,10,-15091.2665,-18800.0000,-12087.5320,-37.7282,100.0000,LUON LO
1.5000,2.0000,15,-16872.6051,-18800.0000,-15342.0896,-42.1815,100.0000,LUON LO
1.5000,5.0000,5,2008.6559,-14150.0000,10739.5013,5.0216,24.2000,TRUNG GIAN
1.5000,5.0000,10,-8429.4619,-17000.0000,-1900.2378,-21.0737,100.0000,LUON LO
1.5000,5.0000,15,-12350.0544,-20000.0000,-8870.3750,-30.8751,100.0000,LUON LO
1.5000,8.0000,5,11273.7223,-6721.2800,22822.1558,28.1843,1.5000,TRUNG GIAN
1.5000,8.0000,10,-2279.8166,-15200.0000,6529.2039,-5.6995,56.8000,TRUNG GIAN
1.5000,8.0000,15,-8079.6324,-20000.0000,-2983.5776,-20.1991,100.0000,LUON LO
1.5000,11.0000,5,18600.0639,-7526.0000,28261.5341,46.5002,0.4000,TRUNG GIAN
1.5000,11.0000,10,3269.8458,-13400.0000,13461.1991,8.1746,21.5000,TRUNG GIAN
1.5000,11.0000,15,-3905.8077,-20000.0000,6495.6433,-9.7645,88.5000,TRUNG GIAN
1.5000,14.0000,5,23584.0168,-4376.0000,32736.7738,58.9600,0.1000,TRUNG GIAN
1.5000,14.0000,10,8094.5939,-11600.0000,19124.3307,20.2365,4.5000,TRUNG GIAN
1.5000,14.0000,15,-374.9327,-11600.0000,7179.5104,-0.9373,38.9000,TRUNG GIAN
1.6000,2.0000,5,-13506.5982,-21465.6000,-8233.0843,-33.7665,100.0000,LUON LO
1.6000,2.0000,10,-18712.5025,-22720.0000,-15560.0341,-46.7813,100.0000,LUON LO
1.6000,2.0000,15,-20699.9885,-24000.0000,-17850.9310,-51.7500,100.0000,LUON LO
1.6000,5.0000,5,-396.9397,-17760.0000,8788.8013,-0.9923,56.9000,TRUNG GIAN
1.6000,5.0000,10,-11438.5355,-20800.0000,-4693.5869,-28.5963,100.0000,LUON LO
1.6000,5.0000,15,-15725.3292,-24000.0000,-9521.9800,-39.3133,100.0000,LUON LO
1.6000,8.0000,5,9212.5084,-9836.0320,20083.6588,23.0313,5.1000,TRUNG GIAN
1.6000,8.0000,10,-4889.8512,-18880.0000,4297.8175,-12.2246,89.2000,TRUNG GIAN
1.6000,8.0000,15,-11427.0295,-24000.0000,-5849.1494,-28.5676,100.0000,LUON LO
1.6000,11.0000,5,16965.4360,-10694.4000,27478.9697,42.4136,2.0000,TRUNG GIAN
1.6000,11.0000,10,670.5142,-16960.0000,11691.9457,1.6763,58.1000,TRUNG GIAN
1.6000,11.0000,15,-6916.4990,-24000.0000,4262.0195,-17.2912,99.9000,TRUNG GIAN
1.6000,14.0000,5,22999.5745,-7334.4000,32252.5588,57.4989,0.2000,TRUNG GIAN
1.6000,14.0000,10,6011.1036,-15040.0000,17732.6194,15.0278,21.2000,TRUNG GIAN
1.6000,14.0000,15,-3035.6671,-24000.0000,9892.6709,-7.5892,90.2000,TRUNG GIAN
1.7000,2.0000,5,-16661.3001,-25307.2000,-10222.6990,-41.6533,100.0000,LUON LO
1.7000,2.0000,10,-22453.7026,-28000.0000,-17851.8855,-56.1343,100.0000,LUON LO
1.7000,2.0000,15,-24399.8234,-26640.0000,-21466.6142,-60.9996,100.0000,LUON LO
1.7000,5.0000,5,-3366.7551,-21370.0000,6838.1014,-8.4169,77.5000,TRUNG GIAN
1.7000,5.0000,10,-14662.4250,-24600.0000,-5112.5893,-36.6561,100.0000,LUON LO
1.7000,5.0000,15,-19264.6380,-24600.0000,-12617.1038,-48.1616,100.0000,LUON LO
1.7000,8.0000,5,7156.1060,-12950.7840,18838.8875,17.8903,12.2000,TRUNG GIAN
1.7000,8.0000,10,-7839.7699,-22560.0000,2066.4311,-19.5994,99.7000,TRUNG GIAN
1.7000,8.0000,15,-14517.0007,-22560.0000,-4817.5436,-36.2925,100.0000,LUON LO
1.7000,11.0000,5,15721.0850,-13862.8000,26696.4053,39.3027,1.7000,TRUNG GIAN
1.7000,11.0000,10,-1715.9958,-20520.0000,9922.6923,-4.2900,57.2000,TRUNG GIAN
1.7000,11.0000,15,-9996.4251,-20520.0000,2028.3957,-24.9911,99.8000,TRUNG GIAN
1.7000,14.0000,5,21423.0975,-10292.8000,32920.7756,53.5577,0.3000,TRUNG GIAN
1.7000,14.0000,10,3430.8582,-18480.0000,16340.9081,8.5771,23.9000,TRUNG GIAN
1.7000,14.0000,15,-5744.5517,-18480.0000,2803.4451,-14.3614,87.9000,TRUNG GIAN
1.8000,2.0000,5,-20173.3711,-29148.8000,-14262.2198,-50.4334,100.0000,LUON LO
1.8000,2.0000,10,-26008.6734,-32000.0000,-22505.0384,-65.0217,100.0000,LUON LO
1.8000,2.0000,15,-28225.1640,-30560.0000,-25082.2974,-70.5629,100.0000,LUON LO
1.8000,5.0000,5,-5489.1038,-21731.0000,6643.0314,-13.7228,89.1000,TRUNG GIAN
1.8000,5.0000,10,-18007.5636,-28400.0000,-10280.2853,-45.0189,100.0000,LUON LO
1.8000,5.0000,15,-22807.0179,-32000.0000,-18644.4500,-57.0175,100.0000,LUON LO
1.8000,8.0000,5,5873.8646,-16065.5360,17594.1162,14.6847,22.7000,TRUNG GIAN
1.8000,8.0000,10,-10534.4513,-26240.0000,-164.9553,-26.3361,100.0000,LUON LO
1.8000,8.0000,15,-17807.7605,-32000.0000,-7453.8697,-44.5194,100.0000,LUON LO
1.8000,11.0000,5,14337.7803,-10757.7680,25913.8409,35.8445,4.1000,TRUNG GIAN
1.8000,11.0000,10,-4090.4152,-24080.0000,8153.4389,-10.2260,89.1000,TRUNG GIAN
1.8000,11.0000,15,-12862.1139,-24080.0000,-5174.4135,-32.1553,100.0000,LUON LO
1.8000,14.0000,5,20494.6930,-5796.0320,32504.3506,51.2367,0.4000,TRUNG GIAN
1.8000,14.0000,10,1519.8575,-21920.0000,14949.1968,3.7996,24.0000,TRUNG GIAN
1.8000,14.0000,15,-8623.0103,-32000.0000,6129.2547,-21.5575,89.3000,TRUNG GIAN
1.9000,2.0000,5,-23258.8064,-32990.4000,-17276.7876,-58.1470,100.0000,LUON LO
1.9000,2.0000,10,-29749.6040,-34480.0000,-25977.5405,-74.3740,100.0000,LUON LO
1.9000,2.0000,15,-32001.1489,-36000.0000,-28697.9806,-80.0029,100.0000,LUON LO
1.9000,5.0000,5,-7837.2342,-21902.4750,4789.8665,-19.5931,97.0000,TRUNG GIAN
1.9000,5.0000,10,-21001.4719,-32200.0000,-13073.6345,-52.5037,100.0000,LUON LO
1.9000,5.0000,15,-26407.4662,-32200.0000,-21902.4750,-66.0187,100.0000,LUON LO
1.9000,8.0000,5,3478.2434,-24326.4000,16349.3449,8.6956,23.5000,TRUNG GIAN
1.9000,8.0000,10,-13519.6123,-29920.0000,-2396.3417,-33.7990,100.0000,LUON LO
1.9000,8.0000,15,-20585.5106,-29920.0000,-10090.1958,-51.4638,100.0000,LUON LO
1.9000,11.0000,5,12446.5234,-20199.6000,26766.8361,31.1163,5.9000,TRUNG GIAN
1.9000,11.0000,10,-7079.4367,-27640.0000,6384.1855,-17.6986,90.8000,TRUNG GIAN
1.9000,11.0000,15,-15704.0515,-36000.0000,-7684.1032,-39.2601,100.0000,LUON LO
1.9000,14.0000,5,19935.5119,-8340.2560,32087.9256,49.8388,1.4000,TRUNG GIAN
1.9000,14.0000,10,-232.7057,-36000.0000,13557.4855,-0.5818,56.3000,TRUNG GIAN
1.9000,14.0000,15,-10734.3153,-36000.0000,-1572.6202,-26.8358,100.0000,LUON LO
2.0000,2.0000,5,-26673.3881,-35295.3600,-20291.3553,-66.6835,100.0000,LUON LO
2.0000,2.0000,10,-33317.1296,-40000.0000,-29450.0427,-83.2928,100.0000,LUON LO
2.0000,2.0000,15,-35784.2593,-40000.0000,-32313.6637,-89.4606,100.0000,LUON LO
2.0000,5.0000,5,-10796.9898,-28590.0000,2936.7016,-26.9925,99.3000,TRUNG GIAN
2.0000,5.0000,10,-24156.6898,-36000.0000,-15866.9837,-60.3917,100.0000,LUON LO
2.0000,5.0000,15,-29755.7260,-36000.0000,-25160.5000,-74.3893,100.0000,LUON LO
2.0000,8.0000,5,1912.3230,-27712.0000,15104.5736,4.7808,36.2000,TRUNG GIAN
2.0000,8.0000,10,-16328.3351,-33600.0000,-4627.7281,-40.8208,100.0000,LUON LO
2.0000,8.0000,15,-23988.4823,-40000.0000,-12726.5219,-59.9712,100.0000,LUON LO
2.0000,11.0000,5,11155.7612,-16397.5200,24348.7121,27.8894,5.7000,TRUNG GIAN
2.0000,11.0000,10,-8870.7678,-31200.0000,4614.9321,-22.1769,89.0000,TRUNG GIAN
2.0000,11.0000,15,-18810.2022,-40000.0000,-4672.4756,-47.0255,100.0000,LUON LO
2.0000,14.0000,5,18562.1377,-28800.0000,31671.5007,46.4053,2.2000,TRUNG GIAN
2.0000,14.0000,10,-3058.8296,-28800.0000,12165.7742,-7.6471,59.4000,TRUNG GIAN
2.0000,14.0000,15,-14237.9335,-28800.0000,2365.8386,-35.5948,99.9000,TRUNG GIAN
