so,soLanXuatHien
1,232
2,114
3,135
4,236
5,124
6,195
7,121
8,227
9,224
10,227
11,142
12,232
13,129
14,217
15,202
16,215
17,130
18,236
19,135
20,230
21,230
22,229
23,122
24,235
25,230
26,214
27,229
28,225
29,134
30,215
31,116
32,222
33,230
34,221
35,240
36,238
37,135
38,222
39,228
40,231
41,128
42,212
43,125
44,235
45,217
46,215
47,138
48,241
49,234
50,194
51,215
52,236
53,152
54,211
55,217
56,205
57,226
58,224
59,125
60,232
61,147
62,238
63,223
64,210
65,215
66,229
67,120
68,237
69,234
70,210
71,127
72,226
73,129
74,248
75,230
76,205
77,236
78,216
79,125
80,212
81,224
82,205
83,131
84,223
85,236
86,226
87,221
88,221
89,137
90,241
91,231
92,244
93,227
94,226
95,231
96,235
97,124
98,215
99,229
