b,x,k,avgProfit,minProfit,maxProfit,profitRate,lossRate,zone
1.0000,20.0000,10,48469.6474,28800.0000,63222.7840,60.5871,0.0000,LUON LOI
1.0000,20.0000,15,36648.9600,16000.0000,47232.0000,45.8112,0.0000,LUON LOI
1.0000,20.0000,30,17280.0000,0.0000,28800.0000,21.6000,0.0000,TRUNG GIAN
1.0000,25.0000,10,55891.6016,35000.0000,65761.7188,69.8645,0.0000,LUON LOI
1.0000,25.0000,15,42443.7500,20000.0000,54687.5000,53.0547,0.0000,LUON LOI
1.0000,25.0000,30,20800.0000,0.0000,35000.0000,26.0000,0.0000,TRUNG GIAN
1.0000,30.0000,10,61576.7448,40800.0000,70588.0800,76.9709,0.0000,LUON LOI
1.0000,30.0000,15,46184.4000,24000.0000,60792.0000,57.7305,0.0000,LUON LOI
1.0000,30.0000,30,25416.0000,0.0000,40800.0000,31.7700,0.0000,TRUNG GIAN
1.3000,20.0000,10,39073.3210,-3200.0000,52737.0240,48.8417,1.0000,TRUNG GIAN
1.3000,20.0000,15,21505.7408,-3200.0000,45921.2800,26.8822,9.0000,TRUNG GIAN
1.3000,20.0000,30,-4905.6000,-24000.0000,13440.0000,-6.1320,94.0000,TRUNG GIAN
1.3000,25.0000,10,48739.6338,21500.0000,66117.6758,60.9245,0.0000,LUON LOI
1.3000,25.0000,15,31640.0000,2000.0000,47093.7500,39.5500,0.0000,LUON LOI
1.3000,25.0000,30,3430.0000,-24000.0000,21500.0000,4.2875,5.0000,TRUNG GIAN
1.3000,30.0000,10,54977.8545,7200.0000,71435.1528,68.7223,0.0000,LUON LOI
1.3000,30.0000,15,38256.4800,7200.0000,55029.6000,47.8206,0.0000,LUON LOI
1.3000,30.0000,30,8260.8000,-24000.0000,29040.0000,10.3260,5.0000,TRUNG GIAN
